2021/10/18-22:06:55.271884 10bedbe00 RocksDB version: 6.17.3
2021/10/18-22:06:55.271941 10bedbe00 Git sha rocksdb_build_git_sha:@09c7e96eac1ab983f97ce9e0406730b8014b3398@
2021/10/18-22:06:55.271943 10bedbe00 Compile date Oct  6 2021
2021/10/18-22:06:55.271957 10bedbe00 DB SUMMARY
2021/10/18-22:06:55.271959 10bedbe00 DB Session ID:  7OEG25RZPILKA5US6HPP
2021/10/18-22:06:55.272007 10bedbe00 CURRENT file:  CURRENT
2021/10/18-22:06:55.272009 10bedbe00 IDENTITY file:  IDENTITY
2021/10/18-22:06:55.272015 10bedbe00 MANIFEST file:  MANIFEST-000003 size: 1376 Bytes
2021/10/18-22:06:55.272017 10bedbe00 SST files in test-ledger/rocksdb dir, Total Num: 0, files: 
2021/10/18-22:06:55.272018 10bedbe00 Write Ahead Log file in test-ledger/rocksdb: 000004.log size: 3918 ; 
2021/10/18-22:06:55.272020 10bedbe00                         Options.error_if_exists: 0
2021/10/18-22:06:55.272021 10bedbe00                       Options.create_if_missing: 1
2021/10/18-22:06:55.272022 10bedbe00                         Options.paranoid_checks: 1
2021/10/18-22:06:55.272023 10bedbe00                               Options.track_and_verify_wals_in_manifest: 0
2021/10/18-22:06:55.272023 10bedbe00                                     Options.env: 0x105f2ebc8
2021/10/18-22:06:55.272025 10bedbe00                                      Options.fs: Posix File System
2021/10/18-22:06:55.272026 10bedbe00                                Options.info_log: 0x7f8be961c350
2021/10/18-22:06:55.272026 10bedbe00                Options.max_file_opening_threads: 16
2021/10/18-22:06:55.272027 10bedbe00                              Options.statistics: 0x0
2021/10/18-22:06:55.272028 10bedbe00                               Options.use_fsync: 0
2021/10/18-22:06:55.272029 10bedbe00                       Options.max_log_file_size: 0
2021/10/18-22:06:55.272030 10bedbe00                  Options.max_manifest_file_size: 1073741824
2021/10/18-22:06:55.272030 10bedbe00                   Options.log_file_time_to_roll: 0
2021/10/18-22:06:55.272031 10bedbe00                       Options.keep_log_file_num: 1000
2021/10/18-22:06:55.272032 10bedbe00                    Options.recycle_log_file_num: 0
2021/10/18-22:06:55.272033 10bedbe00                         Options.allow_fallocate: 1
2021/10/18-22:06:55.272034 10bedbe00                        Options.allow_mmap_reads: 0
2021/10/18-22:06:55.272034 10bedbe00                       Options.allow_mmap_writes: 0
2021/10/18-22:06:55.272035 10bedbe00                        Options.use_direct_reads: 0
2021/10/18-22:06:55.272036 10bedbe00                        Options.use_direct_io_for_flush_and_compaction: 0
2021/10/18-22:06:55.272037 10bedbe00          Options.create_missing_column_families: 1
2021/10/18-22:06:55.272037 10bedbe00                              Options.db_log_dir: 
2021/10/18-22:06:55.272038 10bedbe00                                 Options.wal_dir: test-ledger/rocksdb
2021/10/18-22:06:55.272039 10bedbe00                Options.table_cache_numshardbits: 6
2021/10/18-22:06:55.272040 10bedbe00                         Options.WAL_ttl_seconds: 0
2021/10/18-22:06:55.272041 10bedbe00                       Options.WAL_size_limit_MB: 0
2021/10/18-22:06:55.272041 10bedbe00                        Options.max_write_batch_group_size_bytes: 1048576
2021/10/18-22:06:55.272042 10bedbe00             Options.manifest_preallocation_size: 4194304
2021/10/18-22:06:55.272043 10bedbe00                     Options.is_fd_close_on_exec: 1
2021/10/18-22:06:55.272044 10bedbe00                   Options.advise_random_on_open: 1
2021/10/18-22:06:55.272045 10bedbe00                    Options.db_write_buffer_size: 0
2021/10/18-22:06:55.272045 10bedbe00                    Options.write_buffer_manager: 0x7f8be961c310
2021/10/18-22:06:55.272046 10bedbe00         Options.access_hint_on_compaction_start: 1
2021/10/18-22:06:55.272047 10bedbe00  Options.new_table_reader_for_compaction_inputs: 0
2021/10/18-22:06:55.272048 10bedbe00           Options.random_access_max_buffer_size: 1048576
2021/10/18-22:06:55.272049 10bedbe00                      Options.use_adaptive_mutex: 0
2021/10/18-22:06:55.272049 10bedbe00                            Options.rate_limiter: 0x0
2021/10/18-22:06:55.272071 10bedbe00     Options.sst_file_manager.rate_bytes_per_sec: 0
2021/10/18-22:06:55.272072 10bedbe00                       Options.wal_recovery_mode: 2
2021/10/18-22:06:55.272073 10bedbe00                  Options.enable_thread_tracking: 0
2021/10/18-22:06:55.272074 10bedbe00                  Options.enable_pipelined_write: 0
2021/10/18-22:06:55.272074 10bedbe00                  Options.unordered_write: 0
2021/10/18-22:06:55.272075 10bedbe00         Options.allow_concurrent_memtable_write: 1
2021/10/18-22:06:55.272076 10bedbe00      Options.enable_write_thread_adaptive_yield: 1
2021/10/18-22:06:55.272077 10bedbe00             Options.write_thread_max_yield_usec: 100
2021/10/18-22:06:55.272078 10bedbe00            Options.write_thread_slow_yield_usec: 3
2021/10/18-22:06:55.272078 10bedbe00                               Options.row_cache: None
2021/10/18-22:06:55.272079 10bedbe00                              Options.wal_filter: None
2021/10/18-22:06:55.272080 10bedbe00             Options.avoid_flush_during_recovery: 0
2021/10/18-22:06:55.272081 10bedbe00             Options.allow_ingest_behind: 0
2021/10/18-22:06:55.272082 10bedbe00             Options.preserve_deletes: 0
2021/10/18-22:06:55.272082 10bedbe00             Options.two_write_queues: 0
2021/10/18-22:06:55.272083 10bedbe00             Options.manual_wal_flush: 0
2021/10/18-22:06:55.272084 10bedbe00             Options.atomic_flush: 0
2021/10/18-22:06:55.272085 10bedbe00             Options.avoid_unnecessary_blocking_io: 0
2021/10/18-22:06:55.272085 10bedbe00                 Options.persist_stats_to_disk: 0
2021/10/18-22:06:55.272086 10bedbe00                 Options.write_dbid_to_manifest: 0
2021/10/18-22:06:55.272087 10bedbe00                 Options.log_readahead_size: 0
2021/10/18-22:06:55.272088 10bedbe00                 Options.file_checksum_gen_factory: Unknown
2021/10/18-22:06:55.272089 10bedbe00                 Options.best_efforts_recovery: 0
2021/10/18-22:06:55.272090 10bedbe00                Options.max_bgerror_resume_count: 2147483647
2021/10/18-22:06:55.272090 10bedbe00            Options.bgerror_resume_retry_interval: 1000000
2021/10/18-22:06:55.272091 10bedbe00             Options.allow_data_in_errors: 0
2021/10/18-22:06:55.272092 10bedbe00             Options.db_host_id: __hostname__
2021/10/18-22:06:55.272093 10bedbe00             Options.max_background_jobs: 16
2021/10/18-22:06:55.272094 10bedbe00             Options.max_background_compactions: -1
2021/10/18-22:06:55.272095 10bedbe00             Options.max_subcompactions: 1
2021/10/18-22:06:55.272095 10bedbe00             Options.avoid_flush_during_shutdown: 0
2021/10/18-22:06:55.272096 10bedbe00           Options.writable_file_max_buffer_size: 1048576
2021/10/18-22:06:55.272097 10bedbe00             Options.delayed_write_rate : 16777216
2021/10/18-22:06:55.272098 10bedbe00             Options.max_total_wal_size: 4294967296
2021/10/18-22:06:55.272099 10bedbe00             Options.delete_obsolete_files_period_micros: 21600000000
2021/10/18-22:06:55.272100 10bedbe00                   Options.stats_dump_period_sec: 600
2021/10/18-22:06:55.272100 10bedbe00                 Options.stats_persist_period_sec: 600
2021/10/18-22:06:55.272101 10bedbe00                 Options.stats_history_buffer_size: 1048576
2021/10/18-22:06:55.272102 10bedbe00                          Options.max_open_files: -1
2021/10/18-22:06:55.272103 10bedbe00                          Options.bytes_per_sync: 0
2021/10/18-22:06:55.272104 10bedbe00                      Options.wal_bytes_per_sync: 0
2021/10/18-22:06:55.272104 10bedbe00                   Options.strict_bytes_per_sync: 0
2021/10/18-22:06:55.272105 10bedbe00       Options.compaction_readahead_size: 0
2021/10/18-22:06:55.272106 10bedbe00                  Options.max_background_flushes: -1
2021/10/18-22:06:55.272107 10bedbe00 Compression algorithms supported:
2021/10/18-22:06:55.272108 10bedbe00 	kZSTD supported: 0
2021/10/18-22:06:55.272109 10bedbe00 	kZlibCompression supported: 0
2021/10/18-22:06:55.272110 10bedbe00 	kXpressCompression supported: 0
2021/10/18-22:06:55.272125 10bedbe00 	kSnappyCompression supported: 0
2021/10/18-22:06:55.272126 10bedbe00 	kZSTDNotFinalCompression supported: 0
2021/10/18-22:06:55.272127 10bedbe00 	kLZ4HCCompression supported: 1
2021/10/18-22:06:55.272128 10bedbe00 	kLZ4Compression supported: 1
2021/10/18-22:06:55.272129 10bedbe00 	kBZip2Compression supported: 0
2021/10/18-22:06:55.272130 10bedbe00 Fast CRC32 supported: Supported on x86
2021/10/18-22:06:55.272239 10bedbe00 [db/version_set.cc:4757] Recovering from manifest file: test-ledger/rocksdb/MANIFEST-000003
2021/10/18-22:06:55.272277 10bedbe00 [db/column_family.cc:597] --------------- Options for column family [default]:
2021/10/18-22:06:55.272279 10bedbe00               Options.comparator: leveldb.BytewiseComparator
2021/10/18-22:06:55.272280 10bedbe00           Options.merge_operator: None
2021/10/18-22:06:55.272281 10bedbe00        Options.compaction_filter: None
2021/10/18-22:06:55.272282 10bedbe00        Options.compaction_filter_factory: None
2021/10/18-22:06:55.272283 10bedbe00  Options.sst_partitioner_factory: None
2021/10/18-22:06:55.272284 10bedbe00         Options.memtable_factory: SkipListFactory
2021/10/18-22:06:55.272285 10bedbe00            Options.table_factory: BlockBasedTable
2021/10/18-22:06:55.272297 10bedbe00            table_factory options:   flush_block_policy_factory: FlushBlockBySizePolicyFactory (0x7f8be960e210)
  cache_index_and_filter_blocks: 0
  cache_index_and_filter_blocks_with_high_priority: 1
  pin_l0_filter_and_index_blocks_in_cache: 0
  pin_top_level_index_and_filter: 1
  index_type: 0
  data_block_index_type: 0
  index_shortening: 1
  data_block_hash_table_util_ratio: 0.750000
  hash_index_allow_collision: 1
  checksum: 1
  no_block_cache: 0
  block_cache: 0x7f8be961b278
  block_cache_name: LRUCache
  block_cache_options:
    capacity : 8388608
    num_shard_bits : 4
    strict_capacity_limit : 0
    memory_allocator : None
    high_pri_pool_ratio: 0.000
  block_cache_compressed: 0x0
  persistent_cache: 0x0
  block_size: 4096
  block_size_deviation: 10
  block_restart_interval: 16
  index_block_restart_interval: 1
  metadata_block_size: 4096
  partition_filters: 0
  use_delta_encoding: 1
  filter_policy: nullptr
  whole_key_filtering: 1
  verify_compression: 0
  read_amp_bytes_per_bit: 0
  format_version: 4
  enable_index_compression: 1
  block_align: 0
2021/10/18-22:06:55.272300 10bedbe00        Options.write_buffer_size: 67108864
2021/10/18-22:06:55.272301 10bedbe00  Options.max_write_buffer_number: 2
2021/10/18-22:06:55.272302 10bedbe00          Options.compression: NoCompression
2021/10/18-22:06:55.272303 10bedbe00                  Options.bottommost_compression: Disabled
2021/10/18-22:06:55.272304 10bedbe00       Options.prefix_extractor: nullptr
2021/10/18-22:06:55.272304 10bedbe00   Options.memtable_insert_with_hint_prefix_extractor: nullptr
2021/10/18-22:06:55.272305 10bedbe00             Options.num_levels: 7
2021/10/18-22:06:55.272306 10bedbe00        Options.min_write_buffer_number_to_merge: 1
2021/10/18-22:06:55.272307 10bedbe00     Options.max_write_buffer_number_to_maintain: 0
2021/10/18-22:06:55.272308 10bedbe00     Options.max_write_buffer_size_to_maintain: 0
2021/10/18-22:06:55.272309 10bedbe00            Options.bottommost_compression_opts.window_bits: -14
2021/10/18-22:06:55.272310 10bedbe00                  Options.bottommost_compression_opts.level: 32767
2021/10/18-22:06:55.272310 10bedbe00               Options.bottommost_compression_opts.strategy: 0
2021/10/18-22:06:55.272311 10bedbe00         Options.bottommost_compression_opts.max_dict_bytes: 0
2021/10/18-22:06:55.272312 10bedbe00         Options.bottommost_compression_opts.zstd_max_train_bytes: 0
2021/10/18-22:06:55.272313 10bedbe00         Options.bottommost_compression_opts.parallel_threads: 1
2021/10/18-22:06:55.272314 10bedbe00                  Options.bottommost_compression_opts.enabled: false
2021/10/18-22:06:55.272315 10bedbe00            Options.compression_opts.window_bits: -14
2021/10/18-22:06:55.272316 10bedbe00                  Options.compression_opts.level: 32767
2021/10/18-22:06:55.272335 10bedbe00               Options.compression_opts.strategy: 0
2021/10/18-22:06:55.272336 10bedbe00         Options.compression_opts.max_dict_bytes: 0
2021/10/18-22:06:55.272337 10bedbe00         Options.compression_opts.zstd_max_train_bytes: 0
2021/10/18-22:06:55.272338 10bedbe00         Options.compression_opts.parallel_threads: 1
2021/10/18-22:06:55.272339 10bedbe00                  Options.compression_opts.enabled: false
2021/10/18-22:06:55.272340 10bedbe00      Options.level0_file_num_compaction_trigger: 4
2021/10/18-22:06:55.272340 10bedbe00          Options.level0_slowdown_writes_trigger: 20
2021/10/18-22:06:55.272341 10bedbe00              Options.level0_stop_writes_trigger: 36
2021/10/18-22:06:55.272342 10bedbe00                   Options.target_file_size_base: 67108864
2021/10/18-22:06:55.272343 10bedbe00             Options.target_file_size_multiplier: 1
2021/10/18-22:06:55.272344 10bedbe00                Options.max_bytes_for_level_base: 268435456
2021/10/18-22:06:55.272344 10bedbe00 Options.level_compaction_dynamic_level_bytes: 0
2021/10/18-22:06:55.272345 10bedbe00          Options.max_bytes_for_level_multiplier: 10.000000
2021/10/18-22:06:55.272346 10bedbe00 Options.max_bytes_for_level_multiplier_addtl[0]: 1
2021/10/18-22:06:55.272347 10bedbe00 Options.max_bytes_for_level_multiplier_addtl[1]: 1
2021/10/18-22:06:55.272348 10bedbe00 Options.max_bytes_for_level_multiplier_addtl[2]: 1
2021/10/18-22:06:55.272349 10bedbe00 Options.max_bytes_for_level_multiplier_addtl[3]: 1
2021/10/18-22:06:55.272350 10bedbe00 Options.max_bytes_for_level_multiplier_addtl[4]: 1
2021/10/18-22:06:55.272351 10bedbe00 Options.max_bytes_for_level_multiplier_addtl[5]: 1
2021/10/18-22:06:55.272351 10bedbe00 Options.max_bytes_for_level_multiplier_addtl[6]: 1
2021/10/18-22:06:55.272352 10bedbe00       Options.max_sequential_skip_in_iterations: 8
2021/10/18-22:06:55.272353 10bedbe00                    Options.max_compaction_bytes: 1677721600
2021/10/18-22:06:55.272354 10bedbe00                        Options.arena_block_size: 8388608
2021/10/18-22:06:55.272355 10bedbe00   Options.soft_pending_compaction_bytes_limit: 68719476736
2021/10/18-22:06:55.272356 10bedbe00   Options.hard_pending_compaction_bytes_limit: 274877906944
2021/10/18-22:06:55.272357 10bedbe00       Options.rate_limit_delay_max_milliseconds: 100
2021/10/18-22:06:55.272357 10bedbe00                Options.disable_auto_compactions: 0
2021/10/18-22:06:55.272358 10bedbe00                        Options.compaction_style: kCompactionStyleLevel
2021/10/18-22:06:55.272359 10bedbe00                          Options.compaction_pri: kMinOverlappingRatio
2021/10/18-22:06:55.272360 10bedbe00 Options.compaction_options_universal.size_ratio: 1
2021/10/18-22:06:55.272361 10bedbe00 Options.compaction_options_universal.min_merge_width: 2
2021/10/18-22:06:55.272362 10bedbe00 Options.compaction_options_universal.max_merge_width: 4294967295
2021/10/18-22:06:55.272362 10bedbe00 Options.compaction_options_universal.max_size_amplification_percent: 200
2021/10/18-22:06:55.272363 10bedbe00 Options.compaction_options_universal.compression_size_percent: -1
2021/10/18-22:06:55.272364 10bedbe00 Options.compaction_options_universal.stop_style: kCompactionStopStyleTotalSize
2021/10/18-22:06:55.272365 10bedbe00 Options.compaction_options_fifo.max_table_files_size: 1073741824
2021/10/18-22:06:55.272366 10bedbe00 Options.compaction_options_fifo.allow_compaction: 0
2021/10/18-22:06:55.272368 10bedbe00                   Options.table_properties_collectors: 
2021/10/18-22:06:55.272369 10bedbe00                   Options.inplace_update_support: 0
2021/10/18-22:06:55.272369 10bedbe00                 Options.inplace_update_num_locks: 10000
2021/10/18-22:06:55.272370 10bedbe00               Options.memtable_prefix_bloom_size_ratio: 0.000000
2021/10/18-22:06:55.272371 10bedbe00               Options.memtable_whole_key_filtering: 0
2021/10/18-22:06:55.272372 10bedbe00   Options.memtable_huge_page_size: 0
2021/10/18-22:06:55.272373 10bedbe00                           Options.bloom_locality: 0
2021/10/18-22:06:55.272387 10bedbe00                    Options.max_successive_merges: 0
2021/10/18-22:06:55.272388 10bedbe00                Options.optimize_filters_for_hits: 0
2021/10/18-22:06:55.272389 10bedbe00                Options.paranoid_file_checks: 0
2021/10/18-22:06:55.272390 10bedbe00                Options.force_consistency_checks: 1
2021/10/18-22:06:55.272391 10bedbe00                Options.report_bg_io_stats: 0
2021/10/18-22:06:55.272391 10bedbe00                               Options.ttl: 2592000
2021/10/18-22:06:55.272392 10bedbe00          Options.periodic_compaction_seconds: 0
2021/10/18-22:06:55.272393 10bedbe00                    Options.enable_blob_files: false
2021/10/18-22:06:55.272394 10bedbe00                        Options.min_blob_size: 0
2021/10/18-22:06:55.272395 10bedbe00                       Options.blob_file_size: 268435456
2021/10/18-22:06:55.272396 10bedbe00                Options.blob_compression_type: NoCompression
2021/10/18-22:06:55.272396 10bedbe00       Options.enable_blob_garbage_collection: false
2021/10/18-22:06:55.272397 10bedbe00   Options.blob_garbage_collection_age_cutoff: 0.250000
2021/10/18-22:06:55.272430 10bedbe00 [db/column_family.cc:597] --------------- Options for column family [meta]:
2021/10/18-22:06:55.272431 10bedbe00               Options.comparator: leveldb.BytewiseComparator
2021/10/18-22:06:55.272432 10bedbe00           Options.merge_operator: None
2021/10/18-22:06:55.272433 10bedbe00        Options.compaction_filter: None
2021/10/18-22:06:55.272434 10bedbe00        Options.compaction_filter_factory: purged_slot_filter_factory(meta)
2021/10/18-22:06:55.272435 10bedbe00  Options.sst_partitioner_factory: None
2021/10/18-22:06:55.272436 10bedbe00         Options.memtable_factory: SkipListFactory
2021/10/18-22:06:55.272436 10bedbe00            Options.table_factory: BlockBasedTable
2021/10/18-22:06:55.272445 10bedbe00            table_factory options:   flush_block_policy_factory: FlushBlockBySizePolicyFactory (0x7f8be9609d00)
  cache_index_and_filter_blocks: 0
  cache_index_and_filter_blocks_with_high_priority: 1
  pin_l0_filter_and_index_blocks_in_cache: 0
  pin_top_level_index_and_filter: 1
  index_type: 0
  data_block_index_type: 0
  index_shortening: 1
  data_block_hash_table_util_ratio: 0.750000
  hash_index_allow_collision: 1
  checksum: 1
  no_block_cache: 0
  block_cache: 0x7f8be960cd38
  block_cache_name: LRUCache
  block_cache_options:
    capacity : 8388608
    num_shard_bits : 4
    strict_capacity_limit : 0
    memory_allocator : None
    high_pri_pool_ratio: 0.000
  block_cache_compressed: 0x0
  persistent_cache: 0x0
  block_size: 4096
  block_size_deviation: 10
  block_restart_interval: 16
  index_block_restart_interval: 1
  metadata_block_size: 4096
  partition_filters: 0
  use_delta_encoding: 1
  filter_policy: nullptr
  whole_key_filtering: 1
  verify_compression: 0
  read_amp_bytes_per_bit: 0
  format_version: 4
  enable_index_compression: 1
  block_align: 0
2021/10/18-22:06:55.272448 10bedbe00        Options.write_buffer_size: 268435456
2021/10/18-22:06:55.272449 10bedbe00  Options.max_write_buffer_number: 8
2021/10/18-22:06:55.272450 10bedbe00          Options.compression: NoCompression
2021/10/18-22:06:55.272450 10bedbe00                  Options.bottommost_compression: Disabled
2021/10/18-22:06:55.272451 10bedbe00       Options.prefix_extractor: nullptr
2021/10/18-22:06:55.272452 10bedbe00   Options.memtable_insert_with_hint_prefix_extractor: nullptr
2021/10/18-22:06:55.272453 10bedbe00             Options.num_levels: 7
2021/10/18-22:06:55.272454 10bedbe00        Options.min_write_buffer_number_to_merge: 1
2021/10/18-22:06:55.272454 10bedbe00     Options.max_write_buffer_number_to_maintain: 0
2021/10/18-22:06:55.272455 10bedbe00     Options.max_write_buffer_size_to_maintain: 0
2021/10/18-22:06:55.272456 10bedbe00            Options.bottommost_compression_opts.window_bits: -14
2021/10/18-22:06:55.272457 10bedbe00                  Options.bottommost_compression_opts.level: 32767
2021/10/18-22:06:55.272458 10bedbe00               Options.bottommost_compression_opts.strategy: 0
2021/10/18-22:06:55.272474 10bedbe00         Options.bottommost_compression_opts.max_dict_bytes: 0
2021/10/18-22:06:55.272476 10bedbe00         Options.bottommost_compression_opts.zstd_max_train_bytes: 0
2021/10/18-22:06:55.272476 10bedbe00         Options.bottommost_compression_opts.parallel_threads: 1
2021/10/18-22:06:55.272477 10bedbe00                  Options.bottommost_compression_opts.enabled: false
2021/10/18-22:06:55.272478 10bedbe00            Options.compression_opts.window_bits: -14
2021/10/18-22:06:55.272479 10bedbe00                  Options.compression_opts.level: 32767
2021/10/18-22:06:55.272480 10bedbe00               Options.compression_opts.strategy: 0
2021/10/18-22:06:55.272481 10bedbe00         Options.compression_opts.max_dict_bytes: 0
2021/10/18-22:06:55.272481 10bedbe00         Options.compression_opts.zstd_max_train_bytes: 0
2021/10/18-22:06:55.272482 10bedbe00         Options.compression_opts.parallel_threads: 1
2021/10/18-22:06:55.272483 10bedbe00                  Options.compression_opts.enabled: false
2021/10/18-22:06:55.272484 10bedbe00      Options.level0_file_num_compaction_trigger: 4
2021/10/18-22:06:55.272484 10bedbe00          Options.level0_slowdown_writes_trigger: 20
2021/10/18-22:06:55.272485 10bedbe00              Options.level0_stop_writes_trigger: 36
2021/10/18-22:06:55.272486 10bedbe00                   Options.target_file_size_base: 107374182
2021/10/18-22:06:55.272487 10bedbe00             Options.target_file_size_multiplier: 1
2021/10/18-22:06:55.272488 10bedbe00                Options.max_bytes_for_level_base: 1073741824
2021/10/18-22:06:55.272488 10bedbe00 Options.level_compaction_dynamic_level_bytes: 0
2021/10/18-22:06:55.272489 10bedbe00          Options.max_bytes_for_level_multiplier: 10.000000
2021/10/18-22:06:55.272490 10bedbe00 Options.max_bytes_for_level_multiplier_addtl[0]: 1
2021/10/18-22:06:55.272491 10bedbe00 Options.max_bytes_for_level_multiplier_addtl[1]: 1
2021/10/18-22:06:55.272492 10bedbe00 Options.max_bytes_for_level_multiplier_addtl[2]: 1
2021/10/18-22:06:55.272493 10bedbe00 Options.max_bytes_for_level_multiplier_addtl[3]: 1
2021/10/18-22:06:55.272494 10bedbe00 Options.max_bytes_for_level_multiplier_addtl[4]: 1
2021/10/18-22:06:55.272494 10bedbe00 Options.max_bytes_for_level_multiplier_addtl[5]: 1
2021/10/18-22:06:55.272495 10bedbe00 Options.max_bytes_for_level_multiplier_addtl[6]: 1
2021/10/18-22:06:55.272496 10bedbe00       Options.max_sequential_skip_in_iterations: 8
2021/10/18-22:06:55.272497 10bedbe00                    Options.max_compaction_bytes: 2684354550
2021/10/18-22:06:55.272498 10bedbe00                        Options.arena_block_size: 33554432
2021/10/18-22:06:55.272498 10bedbe00   Options.soft_pending_compaction_bytes_limit: 68719476736
2021/10/18-22:06:55.272499 10bedbe00   Options.hard_pending_compaction_bytes_limit: 274877906944
2021/10/18-22:06:55.272500 10bedbe00       Options.rate_limit_delay_max_milliseconds: 100
2021/10/18-22:06:55.272501 10bedbe00                Options.disable_auto_compactions: 0
2021/10/18-22:06:55.272502 10bedbe00                        Options.compaction_style: kCompactionStyleLevel
2021/10/18-22:06:55.272503 10bedbe00                          Options.compaction_pri: kMinOverlappingRatio
2021/10/18-22:06:55.272503 10bedbe00 Options.compaction_options_universal.size_ratio: 1
2021/10/18-22:06:55.272504 10bedbe00 Options.compaction_options_universal.min_merge_width: 2
2021/10/18-22:06:55.272505 10bedbe00 Options.compaction_options_universal.max_merge_width: 4294967295
2021/10/18-22:06:55.272506 10bedbe00 Options.compaction_options_universal.max_size_amplification_percent: 200
2021/10/18-22:06:55.272507 10bedbe00 Options.compaction_options_universal.compression_size_percent: -1
2021/10/18-22:06:55.272508 10bedbe00 Options.compaction_options_universal.stop_style: kCompactionStopStyleTotalSize
2021/10/18-22:06:55.272509 10bedbe00 Options.compaction_options_fifo.max_table_files_size: 1073741824
2021/10/18-22:06:55.272509 10bedbe00 Options.compaction_options_fifo.allow_compaction: 0
2021/10/18-22:06:55.272524 10bedbe00                   Options.table_properties_collectors: 
2021/10/18-22:06:55.272525 10bedbe00                   Options.inplace_update_support: 0
2021/10/18-22:06:55.272526 10bedbe00                 Options.inplace_update_num_locks: 10000
2021/10/18-22:06:55.272527 10bedbe00               Options.memtable_prefix_bloom_size_ratio: 0.000000
2021/10/18-22:06:55.272528 10bedbe00               Options.memtable_whole_key_filtering: 0
2021/10/18-22:06:55.272528 10bedbe00   Options.memtable_huge_page_size: 0
2021/10/18-22:06:55.272529 10bedbe00                           Options.bloom_locality: 0
2021/10/18-22:06:55.272530 10bedbe00                    Options.max_successive_merges: 0
2021/10/18-22:06:55.272531 10bedbe00                Options.optimize_filters_for_hits: 0
2021/10/18-22:06:55.272531 10bedbe00                Options.paranoid_file_checks: 0
2021/10/18-22:06:55.272532 10bedbe00                Options.force_consistency_checks: 1
2021/10/18-22:06:55.272533 10bedbe00                Options.report_bg_io_stats: 0
2021/10/18-22:06:55.272534 10bedbe00                               Options.ttl: 2592000
2021/10/18-22:06:55.272535 10bedbe00          Options.periodic_compaction_seconds: 2592000
2021/10/18-22:06:55.272535 10bedbe00                    Options.enable_blob_files: false
2021/10/18-22:06:55.272536 10bedbe00                        Options.min_blob_size: 0
2021/10/18-22:06:55.272537 10bedbe00                       Options.blob_file_size: 268435456
2021/10/18-22:06:55.272538 10bedbe00                Options.blob_compression_type: NoCompression
2021/10/18-22:06:55.272539 10bedbe00       Options.enable_blob_garbage_collection: false
2021/10/18-22:06:55.272539 10bedbe00   Options.blob_garbage_collection_age_cutoff: 0.250000
2021/10/18-22:06:55.272558 10bedbe00 [db/column_family.cc:597] --------------- Options for column family [dead_slots]:
2021/10/18-22:06:55.272559 10bedbe00               Options.comparator: leveldb.BytewiseComparator
2021/10/18-22:06:55.272560 10bedbe00           Options.merge_operator: None
2021/10/18-22:06:55.272561 10bedbe00        Options.compaction_filter: None
2021/10/18-22:06:55.272562 10bedbe00        Options.compaction_filter_factory: purged_slot_filter_factory(dead_slots)
2021/10/18-22:06:55.272562 10bedbe00  Options.sst_partitioner_factory: None
2021/10/18-22:06:55.272563 10bedbe00         Options.memtable_factory: SkipListFactory
2021/10/18-22:06:55.272564 10bedbe00            Options.table_factory: BlockBasedTable
2021/10/18-22:06:55.272572 10bedbe00            table_factory options:   flush_block_policy_factory: FlushBlockBySizePolicyFactory (0x7f8be9612a00)
  cache_index_and_filter_blocks: 0
  cache_index_and_filter_blocks_with_high_priority: 1
  pin_l0_filter_and_index_blocks_in_cache: 0
  pin_top_level_index_and_filter: 1
  index_type: 0
  data_block_index_type: 0
  index_shortening: 1
  data_block_hash_table_util_ratio: 0.750000
  hash_index_allow_collision: 1
  checksum: 1
  no_block_cache: 0
  block_cache: 0x7f8be9612a48
  block_cache_name: LRUCache
  block_cache_options:
    capacity : 8388608
    num_shard_bits : 4
    strict_capacity_limit : 0
    memory_allocator : None
    high_pri_pool_ratio: 0.000
  block_cache_compressed: 0x0
  persistent_cache: 0x0
  block_size: 4096
  block_size_deviation: 10
  block_restart_interval: 16
  index_block_restart_interval: 1
  metadata_block_size: 4096
  partition_filters: 0
  use_delta_encoding: 1
  filter_policy: nullptr
  whole_key_filtering: 1
  verify_compression: 0
  read_amp_bytes_per_bit: 0
  format_version: 4
  enable_index_compression: 1
  block_align: 0
2021/10/18-22:06:55.272574 10bedbe00        Options.write_buffer_size: 268435456
2021/10/18-22:06:55.272575 10bedbe00  Options.max_write_buffer_number: 8
2021/10/18-22:06:55.272576 10bedbe00          Options.compression: NoCompression
2021/10/18-22:06:55.272576 10bedbe00                  Options.bottommost_compression: Disabled
2021/10/18-22:06:55.272577 10bedbe00       Options.prefix_extractor: nullptr
2021/10/18-22:06:55.272592 10bedbe00   Options.memtable_insert_with_hint_prefix_extractor: nullptr
2021/10/18-22:06:55.272594 10bedbe00             Options.num_levels: 7
2021/10/18-22:06:55.272594 10bedbe00        Options.min_write_buffer_number_to_merge: 1
2021/10/18-22:06:55.272595 10bedbe00     Options.max_write_buffer_number_to_maintain: 0
2021/10/18-22:06:55.272596 10bedbe00     Options.max_write_buffer_size_to_maintain: 0
2021/10/18-22:06:55.272597 10bedbe00            Options.bottommost_compression_opts.window_bits: -14
2021/10/18-22:06:55.272598 10bedbe00                  Options.bottommost_compression_opts.level: 32767
2021/10/18-22:06:55.272599 10bedbe00               Options.bottommost_compression_opts.strategy: 0
2021/10/18-22:06:55.272599 10bedbe00         Options.bottommost_compression_opts.max_dict_bytes: 0
2021/10/18-22:06:55.272600 10bedbe00         Options.bottommost_compression_opts.zstd_max_train_bytes: 0
2021/10/18-22:06:55.272601 10bedbe00         Options.bottommost_compression_opts.parallel_threads: 1
2021/10/18-22:06:55.272602 10bedbe00                  Options.bottommost_compression_opts.enabled: false
2021/10/18-22:06:55.272603 10bedbe00            Options.compression_opts.window_bits: -14
2021/10/18-22:06:55.272603 10bedbe00                  Options.compression_opts.level: 32767
2021/10/18-22:06:55.272604 10bedbe00               Options.compression_opts.strategy: 0
2021/10/18-22:06:55.272605 10bedbe00         Options.compression_opts.max_dict_bytes: 0
2021/10/18-22:06:55.272606 10bedbe00         Options.compression_opts.zstd_max_train_bytes: 0
2021/10/18-22:06:55.272606 10bedbe00         Options.compression_opts.parallel_threads: 1
2021/10/18-22:06:55.272607 10bedbe00                  Options.compression_opts.enabled: false
2021/10/18-22:06:55.272608 10bedbe00      Options.level0_file_num_compaction_trigger: 4
2021/10/18-22:06:55.272609 10bedbe00          Options.level0_slowdown_writes_trigger: 20
2021/10/18-22:06:55.272610 10bedbe00              Options.level0_stop_writes_trigger: 36
2021/10/18-22:06:55.272610 10bedbe00                   Options.target_file_size_base: 107374182
2021/10/18-22:06:55.272611 10bedbe00             Options.target_file_size_multiplier: 1
2021/10/18-22:06:55.272612 10bedbe00                Options.max_bytes_for_level_base: 1073741824
2021/10/18-22:06:55.272613 10bedbe00 Options.level_compaction_dynamic_level_bytes: 0
2021/10/18-22:06:55.272614 10bedbe00          Options.max_bytes_for_level_multiplier: 10.000000
2021/10/18-22:06:55.272615 10bedbe00 Options.max_bytes_for_level_multiplier_addtl[0]: 1
2021/10/18-22:06:55.272615 10bedbe00 Options.max_bytes_for_level_multiplier_addtl[1]: 1
2021/10/18-22:06:55.272616 10bedbe00 Options.max_bytes_for_level_multiplier_addtl[2]: 1
2021/10/18-22:06:55.272617 10bedbe00 Options.max_bytes_for_level_multiplier_addtl[3]: 1
2021/10/18-22:06:55.272618 10bedbe00 Options.max_bytes_for_level_multiplier_addtl[4]: 1
2021/10/18-22:06:55.272619 10bedbe00 Options.max_bytes_for_level_multiplier_addtl[5]: 1
2021/10/18-22:06:55.272619 10bedbe00 Options.max_bytes_for_level_multiplier_addtl[6]: 1
2021/10/18-22:06:55.272620 10bedbe00       Options.max_sequential_skip_in_iterations: 8
2021/10/18-22:06:55.272621 10bedbe00                    Options.max_compaction_bytes: 2684354550
2021/10/18-22:06:55.272622 10bedbe00                        Options.arena_block_size: 33554432
2021/10/18-22:06:55.272623 10bedbe00   Options.soft_pending_compaction_bytes_limit: 68719476736
2021/10/18-22:06:55.272623 10bedbe00   Options.hard_pending_compaction_bytes_limit: 274877906944
2021/10/18-22:06:55.272624 10bedbe00       Options.rate_limit_delay_max_milliseconds: 100
2021/10/18-22:06:55.272625 10bedbe00                Options.disable_auto_compactions: 0
2021/10/18-22:06:55.272626 10bedbe00                        Options.compaction_style: kCompactionStyleLevel
2021/10/18-22:06:55.272627 10bedbe00                          Options.compaction_pri: kMinOverlappingRatio
2021/10/18-22:06:55.272628 10bedbe00 Options.compaction_options_universal.size_ratio: 1
2021/10/18-22:06:55.272628 10bedbe00 Options.compaction_options_universal.min_merge_width: 2
2021/10/18-22:06:55.272642 10bedbe00 Options.compaction_options_universal.max_merge_width: 4294967295
2021/10/18-22:06:55.272643 10bedbe00 Options.compaction_options_universal.max_size_amplification_percent: 200
2021/10/18-22:06:55.272644 10bedbe00 Options.compaction_options_universal.compression_size_percent: -1
2021/10/18-22:06:55.272645 10bedbe00 Options.compaction_options_universal.stop_style: kCompactionStopStyleTotalSize
2021/10/18-22:06:55.272646 10bedbe00 Options.compaction_options_fifo.max_table_files_size: 1073741824
2021/10/18-22:06:55.272646 10bedbe00 Options.compaction_options_fifo.allow_compaction: 0
2021/10/18-22:06:55.272647 10bedbe00                   Options.table_properties_collectors: 
2021/10/18-22:06:55.272648 10bedbe00                   Options.inplace_update_support: 0
2021/10/18-22:06:55.272649 10bedbe00                 Options.inplace_update_num_locks: 10000
2021/10/18-22:06:55.272650 10bedbe00               Options.memtable_prefix_bloom_size_ratio: 0.000000
2021/10/18-22:06:55.272651 10bedbe00               Options.memtable_whole_key_filtering: 0
2021/10/18-22:06:55.272651 10bedbe00   Options.memtable_huge_page_size: 0
2021/10/18-22:06:55.272652 10bedbe00                           Options.bloom_locality: 0
2021/10/18-22:06:55.272653 10bedbe00                    Options.max_successive_merges: 0
2021/10/18-22:06:55.272654 10bedbe00                Options.optimize_filters_for_hits: 0
2021/10/18-22:06:55.272655 10bedbe00                Options.paranoid_file_checks: 0
2021/10/18-22:06:55.272655 10bedbe00                Options.force_consistency_checks: 1
2021/10/18-22:06:55.272656 10bedbe00                Options.report_bg_io_stats: 0
2021/10/18-22:06:55.272657 10bedbe00                               Options.ttl: 2592000
2021/10/18-22:06:55.272658 10bedbe00          Options.periodic_compaction_seconds: 2592000
2021/10/18-22:06:55.272659 10bedbe00                    Options.enable_blob_files: false
2021/10/18-22:06:55.272659 10bedbe00                        Options.min_blob_size: 0
2021/10/18-22:06:55.272660 10bedbe00                       Options.blob_file_size: 268435456
2021/10/18-22:06:55.272661 10bedbe00                Options.blob_compression_type: NoCompression
2021/10/18-22:06:55.272662 10bedbe00       Options.enable_blob_garbage_collection: false
2021/10/18-22:06:55.272663 10bedbe00   Options.blob_garbage_collection_age_cutoff: 0.250000
2021/10/18-22:06:55.272681 10bedbe00 [db/column_family.cc:597] --------------- Options for column family [duplicate_slots]:
2021/10/18-22:06:55.272683 10bedbe00               Options.comparator: leveldb.BytewiseComparator
2021/10/18-22:06:55.272684 10bedbe00           Options.merge_operator: None
2021/10/18-22:06:55.272684 10bedbe00        Options.compaction_filter: None
2021/10/18-22:06:55.272685 10bedbe00        Options.compaction_filter_factory: purged_slot_filter_factory(duplicate_slots)
2021/10/18-22:06:55.272686 10bedbe00  Options.sst_partitioner_factory: None
2021/10/18-22:06:55.272687 10bedbe00         Options.memtable_factory: SkipListFactory
2021/10/18-22:06:55.272688 10bedbe00            Options.table_factory: BlockBasedTable
2021/10/18-22:06:55.272695 10bedbe00            table_factory options:   flush_block_policy_factory: FlushBlockBySizePolicyFactory (0x7f8be9608630)
  cache_index_and_filter_blocks: 0
  cache_index_and_filter_blocks_with_high_priority: 1
  pin_l0_filter_and_index_blocks_in_cache: 0
  pin_top_level_index_and_filter: 1
  index_type: 0
  data_block_index_type: 0
  index_shortening: 1
  data_block_hash_table_util_ratio: 0.750000
  hash_index_allow_collision: 1
  checksum: 1
  no_block_cache: 0
  block_cache: 0x7f8be9608678
  block_cache_name: LRUCache
  block_cache_options:
    capacity : 8388608
    num_shard_bits : 4
    strict_capacity_limit : 0
    memory_allocator : None
    high_pri_pool_ratio: 0.000
  block_cache_compressed: 0x0
  persistent_cache: 0x0
  block_size: 4096
  block_size_deviation: 10
  block_restart_interval: 16
  index_block_restart_interval: 1
  metadata_block_size: 4096
  partition_filters: 0
  use_delta_encoding: 1
  filter_policy: nullptr
  whole_key_filtering: 1
  verify_compression: 0
  read_amp_bytes_per_bit: 0
  format_version: 4
  enable_index_compression: 1
  block_align: 0
2021/10/18-22:06:55.272712 10bedbe00        Options.write_buffer_size: 268435456
2021/10/18-22:06:55.272713 10bedbe00  Options.max_write_buffer_number: 8
2021/10/18-22:06:55.272714 10bedbe00          Options.compression: NoCompression
2021/10/18-22:06:55.272715 10bedbe00                  Options.bottommost_compression: Disabled
2021/10/18-22:06:55.272716 10bedbe00       Options.prefix_extractor: nullptr
2021/10/18-22:06:55.272716 10bedbe00   Options.memtable_insert_with_hint_prefix_extractor: nullptr
2021/10/18-22:06:55.272717 10bedbe00             Options.num_levels: 7
2021/10/18-22:06:55.272718 10bedbe00        Options.min_write_buffer_number_to_merge: 1
2021/10/18-22:06:55.272719 10bedbe00     Options.max_write_buffer_number_to_maintain: 0
2021/10/18-22:06:55.272719 10bedbe00     Options.max_write_buffer_size_to_maintain: 0
2021/10/18-22:06:55.272720 10bedbe00            Options.bottommost_compression_opts.window_bits: -14
2021/10/18-22:06:55.272721 10bedbe00                  Options.bottommost_compression_opts.level: 32767
2021/10/18-22:06:55.272722 10bedbe00               Options.bottommost_compression_opts.strategy: 0
2021/10/18-22:06:55.272723 10bedbe00         Options.bottommost_compression_opts.max_dict_bytes: 0
2021/10/18-22:06:55.272724 10bedbe00         Options.bottommost_compression_opts.zstd_max_train_bytes: 0
2021/10/18-22:06:55.272724 10bedbe00         Options.bottommost_compression_opts.parallel_threads: 1
2021/10/18-22:06:55.272725 10bedbe00                  Options.bottommost_compression_opts.enabled: false
2021/10/18-22:06:55.272726 10bedbe00            Options.compression_opts.window_bits: -14
2021/10/18-22:06:55.272727 10bedbe00                  Options.compression_opts.level: 32767
2021/10/18-22:06:55.272728 10bedbe00               Options.compression_opts.strategy: 0
2021/10/18-22:06:55.272728 10bedbe00         Options.compression_opts.max_dict_bytes: 0
2021/10/18-22:06:55.272729 10bedbe00         Options.compression_opts.zstd_max_train_bytes: 0
2021/10/18-22:06:55.272730 10bedbe00         Options.compression_opts.parallel_threads: 1
2021/10/18-22:06:55.272731 10bedbe00                  Options.compression_opts.enabled: false
2021/10/18-22:06:55.272732 10bedbe00      Options.level0_file_num_compaction_trigger: 4
2021/10/18-22:06:55.272732 10bedbe00          Options.level0_slowdown_writes_trigger: 20
2021/10/18-22:06:55.272733 10bedbe00              Options.level0_stop_writes_trigger: 36
2021/10/18-22:06:55.272734 10bedbe00                   Options.target_file_size_base: 107374182
2021/10/18-22:06:55.272735 10bedbe00             Options.target_file_size_multiplier: 1
2021/10/18-22:06:55.272735 10bedbe00                Options.max_bytes_for_level_base: 1073741824
2021/10/18-22:06:55.272736 10bedbe00 Options.level_compaction_dynamic_level_bytes: 0
